00110000000001100000000000000000
01111000000011110000000000000000
11111100000111111000000000000000
11111111111111111000000000000000
11111111111111111000000000000000
11111111111111111000011000000000
11111111111111111000011100000000
01110011111001110000011110000000
01110111111101110000011111000000
01110011111001110000011111100000
11111110001111111000111111100000
11111111011111111001111111100000
01111111010111110011111111100000
00111110001111100111111111100000
00011111111111000111111111100000
00001111111111110111111111100000
00011111111111111111111111000000
00011111111111111111111110000000
00011111111111111111111100000000
00011111111111111111111000000000
00011110111111111110000000000000
00011111111111111110000000000000
00011110111101111110000000000000
00011110111101111100000000000000
00000000000000000000000000000000
00000000000000000000000000000000
00000000000000000000000000000000
00000000000000000000000000000000
00000000000000000000000000000000
00000000000000000000000000000000
00000000000000000000000000000000
00000000000000000000000000000000
